function [SM1,SM2,SM3,SX1,SX2,SX3,SC1,SC2,SC3,S0,NSidr,NSpfa01,NSpfa02,NSpfa03,NSpfa11,NSpfa21,NSpfa22,Cl,Cm,Ch] = LossFunctions

SM1.EDPval = [0.000
0.004
0.008
0.013
0.017
0.021
0.025
0.030
0.034
0.038
0.042
0.047
0.051
0.055
0.059
0.064
0.068
0.072
0.076
0.081
0.085
0.089
0.093
0.097
0.102
0.106
0.110
0.114
0.119
0.123
0.127
0.131
0.136
0.140
0.144
0.148
0.153
0.157
0.161
0.165
0.169
0.174
0.178
0.182
0.186
0.191
0.195
0.199
0.203
0.208
0.212
0.216
0.220
0.225
0.229
0.233
0.237
0.242
0.246
0.250];
SM116 = 186548*((0.605*(SM1.EDPval.^8.33)./((0.042^8.33)+SM1.EDPval.^8.33))+(1-0.605)*(SM1.EDPval.^3.66)./((0.071^3.66)+SM1.EDPval.^3.66));
SM150 = 226291*((0.709*(SM1.EDPval.^6.40)./((0.035^6.40)+SM1.EDPval.^6.40))+(1-0.709)*(SM1.EDPval.^3.44)./((0.065^3.44)+SM1.EDPval.^3.44));
SM184 = 266715*((0.742*(SM1.EDPval.^5.67)./((0.029^5.67)+SM1.EDPval.^5.67))+(1-0.742)*(SM1.EDPval.^3.17)./((0.058^3.17)+SM1.EDPval.^3.17));
SM1.Costval = [SM116 SM150 SM184];
%%%%%%%%%%%%%%%%
SM2.EDPval = [0.000
0.004
0.008
0.013
0.017
0.021
0.025
0.030
0.034
0.038
0.042
0.047
0.051
0.055
0.059
0.064
0.068
0.072
0.076
0.081
0.085
0.089
0.093
0.097
0.102
0.106
0.110
0.114
0.119
0.123
0.127
0.131
0.136
0.140
0.144
0.148
0.153
0.157
0.161
0.165
0.169
0.174
0.178
0.182
0.186
0.191
0.195
0.199
0.203
0.208
0.212
0.216
0.220
0.225
0.229
0.233
0.237
0.242
0.246
0.250];
SM216 = 148686*((0.738*(SM2.EDPval.^5.41)./((0.047^5.41)+SM2.EDPval.^5.41))+(1-0.738)*(SM2.EDPval.^3.73)./((0.078^3.73)+SM2.EDPval.^3.730));
SM250 = 185461*((0.886*(SM2.EDPval.^5.59)./((0.039^5.59)+SM2.EDPval.^5.59))+(1-0.886)*(SM2.EDPval.^4.46)./((0.101^4.46)+SM2.EDPval.^4.46));
SM284 = 221955*((0.777*(SM2.EDPval.^6.29)./((0.030^6.29)+SM2.EDPval.^6.292))+(1-0.777)*(SM2.EDPval.^3.44)./((0.064^3.44)+SM2.EDPval.^3.44));
SM2.Costval = [SM216 SM250 SM284];
%%%%%%%%%%%%%%%%
SM3.EDPval = [0.000
0.004
0.008
0.013
0.017
0.021
0.025
0.030
0.034
0.038
0.042
0.047
0.051
0.055
0.059
0.064
0.068
0.072
0.076
0.081
0.085
0.089
0.093
0.097
0.102
0.106
0.110
0.114
0.119
0.123
0.127
0.131
0.136
0.140
0.144
0.148
0.153
0.157
0.161
0.165
0.169
0.174
0.178
0.182
0.186
0.191
0.195
0.199
0.203
0.208
0.212
0.216
0.220
0.225
0.229
0.233
0.237
0.242
0.246
0.250];
SM316 = 127234*((0.891*(SM3.EDPval.^3.89)./((0.056^3.89)+SM3.EDPval.^3.89))+(1-0.891)*(SM3.EDPval.^41.14)./((0.062^41.14)+SM3.EDPval.^41.14));
SM350 = 163614*((0.881*(SM3.EDPval.^6.42)./((0.041^6.42)+SM3.EDPval.^6.42))+(1-0.881)*(SM3.EDPval.^4.98)./((0.100^4.98)+SM3.EDPval.^4.98));
SM384 = 200685*((0.648*(SM3.EDPval.^9.26)./((0.029^9.26)+SM3.EDPval.^9.26))+(1-0.648)*(SM3.EDPval.^3.12)./((0.052^3.12)+SM3.EDPval.^3.12));
SM3.Costval = [SM316 SM350 SM384];
%%%%%%%%%%%%%%%%
SX1.EDPval = [0.000
0.004
0.008
0.013
0.017
0.021
0.025
0.030
0.034
0.038
0.042
0.047
0.051
0.055
0.059
0.064
0.068
0.072
0.076
0.081
0.085
0.089
0.093
0.097
0.102
0.106
0.110
0.114
0.119
0.123
0.127
0.131
0.136
0.140
0.144
0.148
0.153
0.157
0.161
0.165
0.169
0.174
0.178
0.182
0.186
0.191
0.195
0.199
0.203
0.208
0.212
0.216
0.220
0.225
0.229
0.233
0.237
0.242
0.246
0.250];
SX116 = 158470*((0.159*(SX1.EDPval.^21.81)./((0.008^21.81)+SX1.EDPval.^21.81))+(1-0.159)*(SX1.EDPval.^4.85)./((0.063^4.85)+SX1.EDPval.^4.85));
SX150 = 209039*((0.138*(SX1.EDPval.^121.82)./((0.003^121.82)+SX1.EDPval.^121.82))+(1-0.138)*(SX1.EDPval.^4.25)./((0.046^4.25)+SX1.EDPval.^4.25));
SX184 = 260197*((0.126*(SX1.EDPval.^81.47)./((0.003^81.47)+SX1.EDPval.^81.47))+(1-0.126)*(SX1.EDPval.^3.53)./((0.033^3.53)+SX1.EDPval.^3.53));
SX1.Costval = [SX116 SX150 SX184];
%%%%%%%%%%%%%%%%
SX2.EDPval = [0.000
0.004
0.008
0.013
0.017
0.021
0.025
0.030
0.034
0.038
0.042
0.047
0.051
0.055
0.059
0.064
0.068
0.072
0.076
0.081
0.085
0.089
0.093
0.097
0.102
0.106
0.110
0.114
0.119
0.123
0.127
0.131
0.136
0.140
0.144
0.148
0.153
0.157
0.161
0.165
0.169
0.174
0.178
0.182
0.186
0.191
0.195
0.199
0.203
0.208
0.212
0.216
0.220
0.225
0.229
0.233
0.237
0.242
0.246
0.250];
SX216 = 128697*((0.105*(SX2.EDPval.^32.67)./((0.008^32.67)+SX2.EDPval.^32.67))+(1-0.105)*(SX2.EDPval.^5.41)./((0.064^5.41)+SX2.EDPval.^5.41));
SX250 = 174239*((0.085*(SX2.EDPval.^25.87)./((0.001^25.87)+SX2.EDPval.^25.87))+(1-0.085)*(SX2.EDPval.^4.70)./((0.046^4.70)+SX2.EDPval.^4.70));
SX284 = 220110*((0.067*(SX2.EDPval.^68.73)./((0.002^68.73)+SX2.EDPval.^68.73))+(1-0.067)*(SX2.EDPval.^3.75)./((0.033^3.75)+SX2.EDPval.^3.75));
SX2.Costval = [SX216 SX250 SX284];
%%%%%%%%%%%%%%%%
SX3.EDPval = [0.000
0.004
0.008
0.013
0.017
0.021
0.025
0.030
0.034
0.038
0.042
0.047
0.051
0.055
0.059
0.064
0.068
0.072
0.076
0.081
0.085
0.089
0.093
0.097
0.102
0.106
0.110
0.114
0.119
0.123
0.127
0.131
0.136
0.140
0.144
0.148
0.153
0.157
0.161
0.165
0.169
0.174
0.178
0.182
0.186
0.191
0.195
0.199
0.203
0.208
0.212
0.216
0.220
0.225
0.229
0.233
0.237
0.242
0.246
0.250];
SX316 = 113436*((0.076*(SX3.EDPval.^35.09)./((0.008^35.09)+SX3.EDPval.^35.09))+(1-0.076)*(SX3.EDPval.^5.98)./((0.064^5.98)+SX3.EDPval.^5.98));
SX350 = 156956*((0.053*(SX3.EDPval.^20.00)./((0.001^20.00)+SX3.EDPval.^20.00))+(1-0.053)*(SX3.EDPval.^4.97)./((0.046^4.97)+SX3.EDPval.^4.97));
SX384 = 200418*((0.035*(SX3.EDPval.^20.00)./((0.001^20.00)+SX3.EDPval.^20.00))+(1-0.035)*(SX3.EDPval.^3.89)./((0.032^3.89)+SX3.EDPval.^3.89));
SX3.Costval = [SX316 SX350 SX384];
%%%%%%%%%%%%%%%%
SC1.EDPval = [0.000
0.004
0.008
0.013
0.017
0.021
0.025
0.030
0.034
0.038
0.042
0.047
0.051
0.055
0.059
0.064
0.068
0.072
0.076
0.081
0.085
0.089
0.093
0.097
0.102
0.106
0.110
0.114
0.119
0.123
0.127
0.131
0.136
0.140
0.144
0.148
0.153
0.157
0.161
0.165
0.169
0.174
0.178
0.182
0.186
0.191
0.195
0.199
0.203
0.208
0.212
0.216
0.220
0.225
0.229
0.233
0.237
0.242
0.246
0.250];
SC116 = 153806*((0.165*(SC1.EDPval.^45.33)./((0.008^45.33)+SC1.EDPval.^45.33))+(1-0.165)*(SC1.EDPval.^5.40)./((0.063^5.40)+SC1.EDPval.^5.40));
SC150 = 206293*((0.134*(SC1.EDPval.^20.00)./((0.001^20.00)+SC1.EDPval.^20.00))+(1-0.134)*(SC1.EDPval.^4.34)./((0.045^4.34)+SC1.EDPval.^4.34));
SC184 = 258878*((0.112*(SC1.EDPval.^19.89)./((0.001^19.89)+SC1.EDPval.^19.89))+(1-0.112)*(SC1.EDPval.^3.35)./((0.033^3.35)+SC1.EDPval.^3.35));
SC1.Costval = [SC116 SC150 SC184];
%%%%%%%%%%%%%%%%
SC2.EDPval = [0.000
0.004
0.008
0.013
0.017
0.021
0.025
0.030
0.034
0.038
0.042
0.047
0.051
0.055
0.059
0.064
0.068
0.072
0.076
0.081
0.085
0.089
0.093
0.097
0.102
0.106
0.110
0.114
0.119
0.123
0.127
0.131
0.136
0.140
0.144
0.148
0.153
0.157
0.161
0.165
0.169
0.174
0.178
0.182
0.186
0.191
0.195
0.199
0.203
0.208
0.212
0.216
0.220
0.225
0.229
0.233
0.237
0.242
0.246
0.250];
SC216 = 126249*((0.104*(SC2.EDPval.^65.70)./((0.008^65.70)+SC2.EDPval.^65.707))+(1-0.104)*(SC2.EDPval.^5.66)./((0.065^5.66)+SC2.EDPval.^5.66));
SC250 = 173188*((0.078*(SC2.EDPval.^20.00)./((0.001^20.00)+SC2.EDPval.^20.00))+(1-0.078)*(SC2.EDPval.^4.66)./((0.046^4.66)+SC2.EDPval.^4.66));
SC284 = 219055*((0.059*(SC2.EDPval.^19.87)./((0.001^19.87)+SC2.EDPval.^19.87))+(1-0.059)*(SC2.EDPval.^3.70)./((0.033^3.70)+SC2.EDPval.^3.70));
SC2.Costval = [SC216 SC250 SC284];
%%%%%%%%%%%%%%%%
SC3.EDPval = [0.000
0.004
0.008
0.013
0.017
0.021
0.025
0.030
0.034
0.038
0.042
0.047
0.051
0.055
0.059
0.064
0.068
0.072
0.076
0.081
0.085
0.089
0.093
0.097
0.102
0.106
0.110
0.114
0.119
0.123
0.127
0.131
0.136
0.140
0.144
0.148
0.153
0.157
0.161
0.165
0.169
0.174
0.178
0.182
0.186
0.191
0.195
0.199
0.203
0.208
0.212
0.216
0.220
0.225
0.229
0.233
0.237
0.242
0.246
0.250];
SC316 = 111900*((0.075*(SC3.EDPval.^137.10)./((0.008^137.10)+SC3.EDPval.^137.10))+(1-0.075)*(SC3.EDPval.^6.12)./((0.065^6.12)+SC3.EDPval.^6.12));
SC350 = 155553*((0.051*(SC3.EDPval.^20.00)./((0.001^20.00)+SC3.EDPval.^20.00))+(1-0.051)*(SC3.EDPval.^5.07)./((0.046^5.07)+SC3.EDPval.^5.07));
SC384 = 199475*((0.029*(SC3.EDPval.^19.87)./((0.001^19.87)+SC3.EDPval.^19.87))+(1-0.029)*(SC3.EDPval.^3.85)./((0.033^3.85)+SC3.EDPval.^3.85));
SC3.Costval = [SC316 SC350 SC384];
%%%%%%%%%%%%%%%%
